[bgd.jpg]
filters=sepia=1;finetune2=1,0.742690,0.000000,0.000000,00000000,0.321637;
moddate=664a8aa64240d101
width=1000
height=562
textactive=0
[bgd.1.jpg]
filters=Soften=1,54.385967,25.730995;Pixelate=1,100.666672,0.000000,80.701759;fill=1,0.532710;
moddate=3711466d4440d101
width=533
height=300
textactive=0
[mb_bg.jpg]
filters=Neon=1,85.380119,00ff0000;fill=1,0.588785;Soften=1,100.000000,0.000000;fill=1,0.514019;
moddate=8a20b2f7fe40d101
width=1920
height=1080
textactive=0
[main_bg.jpg]
filters=autolight=1;fill=1,0.411215;finetune2=1,0.456140,0.078596,0.000000,00000000,0.918129;radblur=1,0.500000,0.500000,-1.000000,-0.684211;unsharp2=1,3.000000;radblur=1,0.500000,0.500000,-1.000000,-0.719298;
moddate=33df7d4ac141d101
width=1600
height=900
textactive=0
